2632.370557
7910.175947
6430.845979
3342.093744
8148.332367
7122.343631
2905.731235
185.790131
2844.180566
6299.515573
9068.459934
3954.120644
1356.206061
2090.254940
3390.661533
9370.606865
9298.784670
9402.064127
2838.298578
8148.332367
8253.446852
8865.802473
5138.318034
7260.029152
3752.351930
9357.782978
4971.609029
1541.244756
8253.446852
8302.201147
9218.559012
334.736927
3977.118242
8148.332367
1060.137839
274.448716
1017.044409
3977.118242
5025.164713
9370.606865
3977.118242
1999.928131
2828.466339
7752.531015
8740.358650
8973.406735
1851.765474
2828.466339
8148.332367
665.954683
7504.337187
779.923805
7331.957217
6546.459406
3155.644182
9370.606865
2223.984559
2579.708829
1851.765474
9319.521857
5921.277945
7752.531015
1492.985018
3968.434877
665.954683
2648.556160
1796.116751
9319.521857
1893.989046
8961.985848
9852.989298
7122.343631
5642.116985
6017.909540
8865.802473
3346.836560
334.736927
4971.609029
185.790131
2487.800139
3701.694857
7549.049618
2397.924434
409.643392
4359.788282
4533.868209
216.039555
8322.365363
6461.509180
9248.503593
5138.318034
539.700045
7166.118368
9402.064127
4202.818609
1851.765474
7549.049618
8740.358650
5787.658987
