3788.730350
130.811235
7541.997996
9316.996447
318.985203
4273.483593
7615.775571
6833.714706
7391.203164
9501.467046
2113.196605
4885.935921
9702.201705
882.497912
5013.438416
1514.998366
5143.964874
9831.221572
3378.107088
2392.375921
3797.239782
9967.296029
7247.078629
2780.062752
939.216834
7452.211571
8923.020888
5150.600466
8365.676002
692.388808
4519.301678
8364.511069
6590.407008
8764.550965
643.469594
6888.412287
9782.113158
4686.097600
4505.199603
4273.589648
3124.723355
3580.415415
2389.803316
581.977767
213.623896
8421.518432
6084.085693
8722.087326
470.093773
1849.247363
3534.430700
4259.046117
9898.875586
3577.839463
4832.487225
8288.963549
3780.549068
1711.385165
9737.886260
214.620771
1472.078153
9750.538287
2306.800077
472.970426
1635.324792
286.954783
3595.446135
5606.731849
6825.607093
9404.024907
8379.538227
1501.591792
279.029480
4260.582325
2902.437819
742.868426
817.616675
965.717412
3905.422501
2895.313344
2294.620891
5051.348123
153.296993
7741.099393
7720.955156
1905.027761
6431.219512
656.124087
2302.937814
5943.624768
7404.985998
5566.816679
4267.327511
5372.836406
359.888178
7452.756648
8146.608106
8322.156768
4587.800101
