139.087786
184.738701
131.609532
284.909430
122.649136
90.116104
257.307926
179.162105
81.601891
109.908048
95.936706
168.866547
61.066006
202.544762
95.667520
129.520991
211.397468
247.045516
201.845814
218.295110
204.744339
89.246904
65.740058
189.765274
157.010996
164.090101
195.894133
184.446756
47.178143
108.360411
175.222881
89.708051
127.680673
181.575717
168.404724
195.637320
120.017920
115.512757
139.784946
59.503903
67.148004
108.665243
170.250067
145.340099
167.872205
65.412703
71.232625
105.933187
55.552408
165.262409
155.671115
66.956250
110.939615
106.107855
179.348175
163.388695
90.809402
212.756151
120.742466
63.608915
185.250378
204.704298
140.920512
105.094894
126.836059
209.771610
172.498803
169.020234
123.383435
143.443960
180.872772
197.719734
225.308550
147.287911
81.677733
158.155170
192.946056
209.263853
159.263993
199.295164
113.124588
144.449942
50.909958
51.506233
111.124864
77.190100
81.071351
56.515935
168.779947
187.818414
145.193576
244.143218
110.977089
62.351532
58.752557
194.078360
248.203357
180.772858
109.030550
60.003963
196.568821
106.744274
296.198764
97.394032
150.179073
109.281552
132.167480
127.681364
163.699588
188.778702
103.557671
203.968773
203.561270
203.099505
189.512907
158.074583
146.605907
133.115037
112.711591
169.219551
170.971068
98.636712
46.117030
166.601160
127.061665
178.873114
166.605999
108.088383
199.960050
90.614014
125.094469
76.786772
230.547685
233.664995
233.455073
157.120574
291.687701
148.455640
75.357285
231.247632
87.755680
170.848399
209.797427
95.895291
213.028582
203.926359
