196.000000
225.000000
131.000000
303.000000
51.000000
230.000000
200.000000
248.000000
259.000000
196.000000
113.000000
152.000000
85.000000
273.000000
25.000000
74.000000
178.000000
180.000000
113.000000
131.000000
85.000000
89.000000
50.000000
163.000000
142.000000
178.000000
293.000000
155.000000
59.000000
81.000000
306.000000
55.000000
196.000000
126.000000
150.000000
180.000000
94.000000
100.000000
259.000000
96.000000
39.000000
103.000000
178.000000
277.000000
134.000000
75.000000
31.000000
148.000000
45.000000
185.000000
144.000000
72.000000
145.000000
59.000000
248.000000
142.000000
96.000000
288.000000
63.000000
64.000000
128.000000
147.000000
142.000000
177.000000
83.000000
283.000000
116.000000
191.000000
185.000000
107.000000
152.000000
244.000000
163.000000
104.000000
96.000000
292.000000
248.000000
178.000000
155.000000
292.000000
50.000000
68.000000
160.000000
81.000000
79.000000
59.000000
143.000000
42.000000
147.000000
270.000000
85.000000
225.000000
43.000000
77.000000
96.000000
155.000000
252.000000
85.000000
144.000000
75.000000
273.000000
178.000000
281.000000
152.000000
196.000000
168.000000
200.000000
155.000000
128.000000
225.000000
139.000000
246.000000
217.000000
174.000000
122.000000
259.000000
214.000000
77.000000
85.000000
246.000000
302.000000
96.000000
78.000000
235.000000
47.000000
191.000000
154.000000
219.000000
86.000000
168.000000
230.000000
53.000000
245.000000
245.000000
274.000000
100.000000
275.000000
100.000000
44.000000
128.000000
74.000000
248.000000
121.000000
77.000000
259.000000
229.000000
