143.840000
188.170000
142.060000
258.800000
118.400000
137.190000
243.180000
203.930000
144.600000
168.700000
95.560000
167.780000
82.020000
239.910000
87.260000
132.920000
214.610000
274.200000
211.950000
228.430000
139.600000
117.800000
69.990000
193.140000
131.380000
191.980000
206.260000
155.250000
71.640000
111.920000
196.500000
98.760000
181.610000
189.140000
140.880000
215.310000
95.240000
106.790000
186.670000
81.480000
73.130000
109.360000
167.520000
150.840000
176.380000
88.780000
71.890000
123.800000
73.820000
133.840000
130.130000
83.480000
174.030000
100.470000
191.120000
143.760000
92.470000
205.280000
88.290000
81.530000
160.770000
166.310000
145.280000
120.210000
126.430000
235.250000
177.630000
189.040000
146.170000
132.030000
160.280000
206.880000
196.940000
115.260000
76.610000
177.300000
201.860000
154.120000
184.610000
194.050000
108.440000
115.630000
91.350000
78.420000
81.530000
71.020000
92.210000
70.140000
158.670000
196.720000
110.910000
201.230000
86.770000
76.510000
80.200000
185.650000
253.830000
137.530000
109.910000
79.500000
225.350000
97.480000
302.300000
121.100000
182.640000
118.820000
116.940000
121.040000
188.180000
204.740000
129.440000
212.780000
196.470000
196.900000
206.250000
164.930000
114.180000
109.820000
110.250000
185.510000
198.890000
117.210000
85.940000
188.190000
88.660000
190.390000
162.580000
144.640000
158.530000
103.250000
164.870000
78.930000
231.780000
239.070000
247.060000
146.830000
290.680000
120.250000
88.050000
251.550000
85.940000
185.160000
202.440000
100.830000
207.550000
156.550000
