196.000000
225.000000
131.000000
303.000000
51.000000
230.000000
233.000000
248.000000
259.000000
196.000000
111.000000
131.000000
85.000000
273.000000
25.000000
83.000000
178.000000
200.000000
113.000000
155.000000
85.000000
89.000000
49.000000
163.000000
142.000000
178.000000
293.000000
81.000000
59.000000
177.000000
279.000000
55.000000
196.000000
152.000000
150.000000
180.000000
93.000000
91.000000
259.000000
96.000000
39.000000
66.000000
178.000000
277.000000
134.000000
96.000000
31.000000
148.000000
39.000000
185.000000
144.000000
75.000000
142.000000
53.000000
292.000000
141.000000
104.000000
288.000000
51.000000
53.000000
128.000000
147.000000
142.000000
177.000000
83.000000
283.000000
163.000000
197.000000
185.000000
124.000000
163.000000
244.000000
152.000000
104.000000
75.000000
248.000000
248.000000
178.000000
155.000000
248.000000
49.000000
59.000000
160.000000
81.000000
92.000000
59.000000
143.000000
43.000000
147.000000
273.000000
85.000000
225.000000
40.000000
77.000000
72.000000
131.000000
242.000000
91.000000
113.000000
75.000000
273.000000
65.000000
275.000000
142.000000
196.000000
152.000000
200.000000
127.000000
128.000000
175.000000
129.000000
246.000000
217.000000
178.000000
111.000000
292.000000
183.000000
42.000000
143.000000
246.000000
302.000000
104.000000
84.000000
225.000000
47.000000
241.000000
151.000000
182.000000
86.000000
152.000000
230.000000
92.000000
246.000000
246.000000
274.000000
91.000000
310.000000
100.000000
53.000000
233.000000
72.000000
235.000000
137.000000
77.000000
272.000000
229.000000
