147.960000
193.500000
143.000000
255.460000
107.680000
117.740000
259.270000
194.010000
141.220000
171.880000
99.510000
175.070000
84.510000
238.340000
99.410000
144.890000
217.880000
280.950000
212.380000
233.840000
156.450000
114.130000
73.100000
182.990000
135.570000
195.650000
214.150000
162.540000
74.990000
108.350000
201.830000
111.850000
169.700000
204.410000
138.610000
216.120000
105.580000
104.020000
176.280000
80.570000
77.740000
108.840000
177.770000
140.870000
170.750000
89.390000
72.310000
110.630000
73.010000
150.460000
120.380000
90.600000
166.830000
103.260000
205.510000
144.750000
87.720000
218.530000
88.210000
79.600000
157.650000
182.190000
150.050000
112.810000
131.230000
237.830000
184.010000
191.320000
148.110000
130.330000
167.540000
210.640000
208.420000
110.080000
86.880000
169.760000
213.620000
160.120000
181.140000
196.470000
97.340000
121.920000
90.260000
74.110000
79.080000
73.470000
107.040000
77.780000
162.650000
192.540000
116.410000
225.630000
84.490000
72.270000
83.650000
182.510000
255.620000
135.740000
112.920000
84.250000
218.730000
99.710000
297.900000
117.650000
170.360000
116.250000
116.750000
127.210000
189.280000
203.950000
119.880000
220.380000
192.600000
185.440000
206.680000
161.780000
116.200000
108.940000
106.430000
174.370000
194.990000
127.690000
74.390000
183.710000
93.740000
192.590000
160.950000
145.550000
165.140000
105.410000
164.150000
81.750000
236.670000
237.430000
257.380000
147.340000
290.580000
121.580000
86.090000
269.340000
94.330000
197.720000
186.050000
114.780000
195.560000
166.790000
