145.160000
179.140000
142.830000
252.620000
121.200000
124.490000
252.430000
202.270000
156.030000
167.590000
100.570000
163.870000
87.400000
235.900000
90.190000
128.420000
220.770000
286.460000
204.370000
236.420000
147.770000
117.360000
68.970000
198.260000
138.190000
181.810000
209.800000
154.420000
75.570000
118.690000
197.810000
110.400000
170.230000
207.210000
150.340000
227.180000
105.290000
113.580000
186.820000
85.820000
70.330000
107.580000
193.980000
149.710000
168.620000
88.850000
67.290000
115.060000
72.390000
150.630000
114.560000
89.640000
177.100000
110.590000
187.540000
151.750000
101.420000
205.720000
82.080000
77.080000
159.630000
169.230000
150.730000
114.710000
131.800000
232.230000
178.130000
193.500000
153.260000
129.270000
160.650000
211.580000
198.540000
112.880000
92.230000
170.570000
221.080000
151.200000
176.580000
186.540000
106.520000
123.170000
89.950000
75.920000
79.020000
69.510000
98.770000
69.430000
169.640000
199.550000
105.610000
225.830000
81.480000
71.850000
81.140000
198.880000
260.480000
132.020000
107.180000
82.780000
226.250000
88.730000
290.630000
123.640000
184.240000
119.630000
121.430000
131.460000
198.310000
202.020000
123.530000
213.340000
197.240000
184.790000
205.990000
164.640000
109.800000
108.050000
107.620000
173.130000
195.230000
127.210000
80.910000
191.150000
99.680000
195.910000
165.470000
147.880000
155.530000
96.750000
165.940000
80.390000
243.140000
243.910000
263.080000
146.010000
287.560000
128.390000
75.740000
254.310000
90.540000
202.420000
183.610000
106.810000
205.440000
173.510000
