219.000000
70.000000
202.000000
230.000000
111.000000
84.000000
242.000000
272.000000
94.000000
96.000000
94.000000
252.000000
99.000000
297.000000
135.000000
67.000000
295.000000
264.000000
170.000000
275.000000
310.000000
64.000000
128.000000
232.000000
129.000000
118.000000
263.000000
77.000000
48.000000
107.000000
140.000000
113.000000
90.000000
164.000000
180.000000
233.000000
42.000000
84.000000
172.000000
63.000000
48.000000
108.000000
156.000000
168.000000
90.000000
52.000000
200.000000
87.000000
90.000000
258.000000
136.000000
158.000000
69.000000
72.000000
171.000000
95.000000
72.000000
151.000000
168.000000
60.000000
122.000000
52.000000
187.000000
102.000000
214.000000
248.000000
181.000000
110.000000
140.000000
202.000000
101.000000
222.000000
281.000000
61.000000
89.000000
91.000000
186.000000
220.000000
237.000000
233.000000
68.000000
190.000000
96.000000
72.000000
153.000000
98.000000
37.000000
63.000000
184.000000
144.000000
150.000000
280.000000
125.000000
59.000000
65.000000
281.000000
277.000000
167.000000
90.000000
72.000000
178.000000
88.000000
270.000000
101.000000
197.000000
97.000000
53.000000
71.000000
262.000000
52.000000
102.000000
166.000000
189.000000
173.000000
220.000000
206.000000
97.000000
60.000000
61.000000
242.000000
121.000000
128.000000
104.000000
265.000000
132.000000
283.000000
174.000000
129.000000
257.000000
137.000000
63.000000
93.000000
232.000000
208.000000
261.000000
179.000000
258.000000
262.000000
51.000000
237.000000
71.000000
139.000000
268.000000
69.000000
317.000000
249.000000
