4576.796550
4562.533302
5362.866417
5600.518287
6040.945397
4220.819824
4600.278469
3788.728907
3514.534703
6299.001558
5936.311958
4207.325811
4431.720133
4928.742123
3066.339719
5681.892081
5500.885920
5554.272469
3074.475553
6176.019769
6368.556034
6103.409667
5289.018532
6424.901517
4819.237557
7312.283869
4261.901669
5506.511232
5359.578319
4246.482138
5464.193382
3303.433380
6286.509002
5610.869601
3403.279398
2433.428107
3625.262422
5423.154194
4276.876299
5541.089401
5245.218727
5597.949943
3807.895472
6909.185485
6043.991683
5457.098105
4801.819226
4164.192023
5877.731703
5336.790786
3584.690194
3936.177279
5024.237094
5085.398234
4986.424409
5841.736518
4747.519840
4984.301400
3692.474475
5445.818138
5573.288397
7156.754504
4832.502253
5478.173615
3943.882345
5228.355268
4709.504928
6908.394066
5232.178825
7095.741989
7384.679449
5597.314268
5505.482251
5509.206674
6014.112738
3325.182731
1692.797708
4237.129162
3772.601336
5004.645953
5140.434806
6399.230864
5282.670693
4918.358102
5405.402419
4346.872611
3610.965386
4589.274032
4953.137261
6497.709807
6048.286565
4746.492519
3488.285454
4922.416459
5094.850845
4369.719975
5887.557038
5792.773903
6153.340994
