196.0
175.0
78.0
310.0
51.0
230.0
200.0
235.0
292.0
196.0
113.0
144.0
143.0
273.0
25.0
83.0
178.0
180.0
109.0
155.0
78.0
160.0
49.0
163.0
142.0
173.0
288.0
155.0
59.0
177.0
279.0
55.0
196.0
152.0
164.0
180.0
93.0
100.0
259.0
96.0
59.0
66.0
252.0
277.0
123.0
75.0
31.0
155.0
59.0
185.0
103.0
72.0
142.0
59.0
229.0
142.0
104.0
288.0
51.0
57.0
128.0
147.0
142.0
177.0
83.0
283.0
163.0
197.0
185.0
124.0
163.0
244.0
152.0
214.0
96.0
248.0
235.0
178.0
131.0
248.0
49.0
71.0
160.0
81.0
92.0
52.0
85.0
55.0
147.0
273.0
100.0
225.0
40.0
77.0
72.0
131.0
242.0
91.0
144.0
75.0
273.0
114.0
275.0
142.0
196.0
142.0
200.0
146.0
128.0
175.0
139.0
246.0
217.0
178.0
111.0
245.0
214.0
77.0
85.0
210.0
276.0
104.0
178.0
225.0
47.0
241.0
141.0
219.0
94.0
168.0
230.0
59.0
246.0
246.0
274.0
100.0
281.0
100.0
44.0
180.0
70.0
235.0
137.0
77.0
272.0
229.0
