196.0
175.0
131.0
303.0
51.0
230.0
180.0
235.0
292.0
196.0
113.0
163.0
85.0
273.0
25.0
83.0
178.0
279.0
244.0
131.0
68.0
127.0
47.0
163.0
141.0
202.0
293.0
127.0
59.0
177.0
128.0
55.0
196.0
126.0
150.0
200.0
94.0
85.0
292.0
96.0
59.0
91.0
252.0
277.0
134.0
75.0
31.0
148.0
59.0
185.0
144.0
75.0
145.0
59.0
292.0
142.0
104.0
288.0
63.0
64.0
128.0
147.0
141.0
177.0
83.0
296.0
131.0
191.0
185.0
107.0
163.0
113.0
163.0
104.0
96.0
292.0
235.0
178.0
155.0
248.0
49.0
68.0
160.0
80.0
79.0
52.0
143.0
42.0
147.0
273.0
85.0
175.0
42.0
77.0
72.0
155.0
242.0
85.0
111.0
75.0
270.0
178.0
281.0
142.0
196.0
150.0
200.0
127.0
128.0
175.0
129.0
246.0
217.0
178.0
111.0
292.0
214.0
77.0
143.0
246.0
302.0
54.0
84.0
235.0
49.0
241.0
154.0
182.0
94.0
142.0
230.0
92.0
246.0
246.0
275.0
85.0
308.0
85.0
53.0
180.0
70.0
235.0
121.0
77.0
272.0
292.0
